$VAR1 = [
          'Affenpinscher',
          'AfghanHound',
          'AiredaleTerrier',
          'Akita',
          'AlaskanMalamute',
          'AmericanEnglishCoonhound',
          'AmericanEskimoDog',
          'AmericanFoxhound',
          'Basenji',
          'BassetHound',
          'Beagle',
          'BeardedCollie',
          'Beauceron',
          'BlackandTanCoonhound',
          'Bloodhound',
          'BluetickCoonhound',
          'BorderCollie',
          'BorderTerrier',
          'Borzoi',
          'BostonTerrier',
          'BouvierdesFlandres',
          'Boxer',
          'BoykinSpaniel',
          'Briard',
          'Brittany',
          'BrusselsGriffon',
          'BullTerrier',
          'Bulldog',
          'Bullmastiff',
          'ChesapeakeBayRetriever',
          'Chihuahua',
          'ChineseCrested',
          'ChineseShar-Pei',
          'Chinook',
          'ChowChow',
          'ClumberSpaniel',
          'CockerSpaniel',
          'Collie',
          'Curly-CoatedRetriever',
          'Dachshund',
          'Dalmatian',
          'DandieDinmontTerrier',
          'DobermanPinscher',
          'DoguedeBordeaux',
          'EnglishCockerSpaniel',
          'EnglishFoxhound',
          'EnglishSetter',
          'EnglishSpringerSpaniel',
          'GermanPinscher',
          'GermanShepherdDog',
          'GermanShorthairedPointer',
          'GermanWirehairedPointer',
          'GiantSchnauzer',
          'GlenofImaalTerrier',
          'GoldenRetriever',
          'GordonSetter',
          'GreatDane',
          'Greyhound',
          'Harrier',
          'IbizanHound',
          'IcelandicSheepdog',
          'IrishSetter',
          'IrishTerrier',
          'Kuvasz',
          'LabradorRetriever',
          'LakelandTerrier',
          'LhasaApso',
          'Lowchen',
          'Maltese',
          'ManchesterTerrier',
          'Mastiff',
          'MiniatureBullTerrier',
          'MiniaturePinscher',
          'MiniatureSchnauzer',
          'NeapolitanMastiff',
          'Newfoundland',
          'NorfolkTerrier',
          'Pekingese',
          'PembrokeWelshCorgi',
          'PharaohHound',
          'Plott',
          'PortugueseWaterDog',
          'Pug',
          'Puli',
          'PyreneanShepherd',
          'RatTerrier',
          'ShibaInu',
          'ShihTzu',
          'SiberianHusky',
          'SilkyTerrier',
          'SkyeTerrier',
          'SmoothFoxTerrier',
          'SoftCoatedWheatenTerrier',
          'SpinoneItaliano',
          'St.Bernard',
          'StaffordshireBullTerrier',
          'WireFoxTerrier',
          'WirehairedPointingGriffon',
          'Xoloitzcuintli',
          'YorkshireTerrier'
        ];
$VAR2 = [
          8,
          2,
          5,
          0,
          0,
          1,
          3,
          9,
          8,
          0,
          1,
          9,
          1,
          12,
          13,
          1,
          0,
          5,
          6,
          4,
          6,
          0,
          1,
          1,
          0,
          0
        ];
$VAR1 = [
          [
            'Akita',
            [
              [
                'Chihuahua',
                [
                  [
                    'LhasaApso',
                    [
                      [
                        'ShibaInu',
                        [],
                        '0,1,4,0,0,1,3,4,4,0,0,8,1,11,12,0,0,5,3,3,3,0,1,1,0,0'
                      ]
                    ],
                    '1,2,4,0,0,1,3,5,6,0,0,8,1,12,12,0,0,5,4,3,4,0,1,1,0,0'
                  ],
                  [
                    'Plott',
                    [
                      [
                        'ShibaInu',
                        [],
                        '3,1,4,0,0,1,3,5,4,0,0,8,1,11,12,0,0,5,5,1,3,0,1,1,0,0'
                      ]
                    ],
                    '4,2,4,0,0,1,3,6,6,0,0,8,1,12,12,0,0,5,6,1,4,0,1,1,0,0'
                  ],
                  [
                    'Pug',
                    [
                      [
                        'ShibaInu',
                        [],
                        '3,1,4,0,0,1,2,5,4,0,0,9,1,11,13,0,0,5,5,3,2,0,1,1,0,0'
                      ]
                    ],
                    '4,2,4,0,0,1,2,6,6,0,0,9,1,12,13,0,0,5,6,3,3,0,1,1,0,0'
                  ],
                  [
                    'Puli',
                    [
                      [
                        'ShibaInu',
                        [],
                        '3,1,4,0,0,1,3,5,3,0,0,8,1,11,13,0,0,5,5,3,2,0,1,1,0,0'
                      ]
                    ],
                    '4,2,4,0,0,1,3,6,5,0,0,8,1,12,13,0,0,5,6,3,3,0,1,1,0,0'
                  ],
                  [
                    'ShibaInu',
                    [],
                    '3,1,4,0,0,1,3,5,4,0,0,9,1,11,13,1,0,5,5,3,3,0,1,1,0,0'
                  ]
                ],
                '4,2,4,0,0,1,3,6,6,0,0,9,1,12,13,1,0,5,6,3,4,0,1,1,0,0'
              ],
              [
                'LhasaApso',
                [
                  [
                    'ShibaInu',
                    [],
                    '2,1,5,0,0,1,3,7,5,0,0,8,1,11,12,0,0,5,3,3,5,0,1,1,0,0'
                  ]
                ],
                '3,2,5,0,0,1,3,8,7,0,0,8,1,12,12,0,0,5,4,3,6,0,1,1,0,0'
              ],
              [
                'Plott',
                [
                  [
                    'ShibaInu',
                    [],
                    '5,1,5,0,0,1,3,8,5,0,0,8,1,11,12,0,0,5,5,1,5,0,1,1,0,0'
                  ]
                ],
                '6,2,5,0,0,1,3,9,7,0,0,8,1,12,12,0,0,5,6,1,6,0,1,1,0,0'
              ],
              [
                'Pug',
                [
                  [
                    'ShibaInu',
                    [],
                    '5,1,5,0,0,1,2,8,5,0,0,9,1,11,13,0,0,5,5,3,4,0,1,1,0,0'
                  ]
                ],
                '6,2,5,0,0,1,2,9,7,0,0,9,1,12,13,0,0,5,6,3,5,0,1,1,0,0'
              ],
              [
                'Puli',
                [
                  [
                    'ShibaInu',
                    [],
                    '5,1,5,0,0,1,3,8,4,0,0,8,1,11,13,0,0,5,5,3,4,0,1,1,0,0'
                  ]
                ],
                '6,2,5,0,0,1,3,9,6,0,0,8,1,12,13,0,0,5,6,3,5,0,1,1,0,0'
              ],
              [
                'ShibaInu',
                [],
                '5,1,5,0,0,1,3,8,5,0,0,9,1,11,13,1,0,5,5,3,5,0,1,1,0,0'
              ]
            ],
            '6,2,5,0,0,1,3,9,7,0,0,9,1,12,13,1,0,5,6,3,6,0,1,1,0,0'
          ],
          [
            'Chihuahua',
            [
              [
                'Chinook',
                [
                  [
                    'LhasaApso',
                    [
                      [
                        'ShibaInu',
                        [],
                        '2,1,3,0,0,1,3,3,4,0,0,8,1,10,10,0,0,5,3,4,3,0,1,1,0,0'
                      ]
                    ],
                    '3,2,3,0,0,1,3,4,6,0,0,8,1,11,10,0,0,5,4,4,4,0,1,1,0,0'
                  ],
                  [
                    'Plott',
                    [
                      [
                        'ShibaInu',
                        [],
                        '5,1,3,0,0,1,3,4,4,0,0,8,1,10,10,0,0,5,5,2,3,0,1,1,0,0'
                      ]
                    ],
                    '6,2,3,0,0,1,3,5,6,0,0,8,1,11,10,0,0,5,6,2,4,0,1,1,0,0'
                  ],
                  [
                    'Pug',
                    [
                      [
                        'ShibaInu',
                        [],
                        '5,1,3,0,0,1,2,4,4,0,0,9,1,10,11,0,0,5,5,4,2,0,1,1,0,0'
                      ]
                    ],
                    '6,2,3,0,0,1,2,5,6,0,0,9,1,11,11,0,0,5,6,4,3,0,1,1,0,0'
                  ],
                  [
                    'Puli',
                    [
                      [
                        'ShibaInu',
                        [],
                        '5,1,3,0,0,1,3,4,3,0,0,8,1,10,11,0,0,5,5,4,2,0,1,1,0,0'
                      ]
                    ],
                    '6,2,3,0,0,1,3,5,5,0,0,8,1,11,11,0,0,5,6,4,3,0,1,1,0,0'
                  ],
                  [
                    'ShibaInu',
                    [],
                    '5,1,3,0,0,1,3,4,4,0,0,9,1,10,11,1,0,5,5,4,3,0,1,1,0,0'
                  ]
                ],
                '6,2,3,0,0,1,3,5,6,0,0,9,1,11,11,1,0,5,6,4,4,0,1,1,0,0'
              ],
              [
                'LhasaApso',
                [
                  [
                    'ShibaInu',
                    [],
                    '2,1,4,0,0,1,3,4,5,0,1,8,1,11,12,0,0,5,3,4,3,0,1,1,0,0'
                  ]
                ],
                '3,2,4,0,0,1,3,5,7,0,1,8,1,12,12,0,0,5,4,4,4,0,1,1,0,0'
              ],
              [
                'Plott',
                [
                  [
                    'ShibaInu',
                    [],
                    '5,1,4,0,0,1,3,5,5,0,1,8,1,11,12,0,0,5,5,2,3,0,1,1,0,0'
                  ]
                ],
                '6,2,4,0,0,1,3,6,7,0,1,8,1,12,12,0,0,5,6,2,4,0,1,1,0,0'
              ],
              [
                'Pug',
                [
                  [
                    'ShibaInu',
                    [],
                    '5,1,4,0,0,1,2,5,5,0,1,9,1,11,13,0,0,5,5,4,2,0,1,1,0,0'
                  ]
                ],
                '6,2,4,0,0,1,2,6,7,0,1,9,1,12,13,0,0,5,6,4,3,0,1,1,0,0'
              ],
              [
                'Puli',
                [
                  [
                    'ShibaInu',
                    [],
                    '5,1,4,0,0,1,3,5,4,0,1,8,1,11,13,0,0,5,5,4,2,0,1,1,0,0'
                  ]
                ],
                '6,2,4,0,0,1,3,6,6,0,1,8,1,12,13,0,0,5,6,4,3,0,1,1,0,0'
              ],
              [
                'ShibaInu',
                [],
                '5,1,4,0,0,1,3,5,5,0,1,9,1,11,13,1,0,5,5,4,3,0,1,1,0,0'
              ]
            ],
            '6,2,4,0,0,1,3,6,7,0,1,9,1,12,13,1,0,5,6,4,4,0,1,1,0,0'
          ],
          [
            'Chinook',
            [
              [
                'LhasaApso',
                [
                  [
                    'ShibaInu',
                    [],
                    '4,1,4,0,0,1,3,6,5,0,0,8,1,10,10,0,0,5,3,4,5,0,1,1,0,0'
                  ]
                ],
                '5,2,4,0,0,1,3,7,7,0,0,8,1,11,10,0,0,5,4,4,6,0,1,1,0,0'
              ],
              [
                'Plott',
                [
                  [
                    'ShibaInu',
                    [],
                    '7,1,4,0,0,1,3,7,5,0,0,8,1,10,10,0,0,5,5,2,5,0,1,1,0,0'
                  ]
                ],
                '8,2,4,0,0,1,3,8,7,0,0,8,1,11,10,0,0,5,6,2,6,0,1,1,0,0'
              ],
              [
                'Pug',
                [
                  [
                    'ShibaInu',
                    [],
                    '7,1,4,0,0,1,2,7,5,0,0,9,1,10,11,0,0,5,5,4,4,0,1,1,0,0'
                  ]
                ],
                '8,2,4,0,0,1,2,8,7,0,0,9,1,11,11,0,0,5,6,4,5,0,1,1,0,0'
              ],
              [
                'Puli',
                [
                  [
                    'ShibaInu',
                    [],
                    '7,1,4,0,0,1,3,7,4,0,0,8,1,10,11,0,0,5,5,4,4,0,1,1,0,0'
                  ]
                ],
                '8,2,4,0,0,1,3,8,6,0,0,8,1,11,11,0,0,5,6,4,5,0,1,1,0,0'
              ],
              [
                'ShibaInu',
                [],
                '7,1,4,0,0,1,3,7,5,0,0,9,1,10,11,1,0,5,5,4,5,0,1,1,0,0'
              ]
            ],
            '8,2,4,0,0,1,3,8,7,0,0,9,1,11,11,1,0,5,6,4,6,0,1,1,0,0'
          ],
          [
            'LhasaApso',
            [
              [
                'ShibaInu',
                [],
                '4,1,5,0,0,1,3,7,6,0,1,8,1,11,12,0,0,5,3,4,5,0,1,1,0,0'
              ]
            ],
            '5,2,5,0,0,1,3,8,8,0,1,8,1,12,12,0,0,5,4,4,6,0,1,1,0,0'
          ],
          [
            'Plott',
            [
              [
                'ShibaInu',
                [],
                '7,1,5,0,0,1,3,8,6,0,1,8,1,11,12,0,0,5,5,2,5,0,1,1,0,0'
              ]
            ],
            '8,2,5,0,0,1,3,9,8,0,1,8,1,12,12,0,0,5,6,2,6,0,1,1,0,0'
          ],
          [
            'Pug',
            [
              [
                'ShibaInu',
                [],
                '7,1,5,0,0,1,2,8,6,0,1,9,1,11,13,0,0,5,5,4,4,0,1,1,0,0'
              ]
            ],
            '8,2,5,0,0,1,2,9,8,0,1,9,1,12,13,0,0,5,6,4,5,0,1,1,0,0'
          ],
          [
            'Puli',
            [
              [
                'ShibaInu',
                [],
                '7,1,5,0,0,1,3,8,5,0,1,8,1,11,13,0,0,5,5,4,4,0,1,1,0,0'
              ]
            ],
            '8,2,5,0,0,1,3,9,7,0,1,8,1,12,13,0,0,5,6,4,5,0,1,1,0,0'
          ],
          [
            'ShibaInu',
            [],
            '7,1,5,0,0,1,3,8,6,0,1,9,1,11,13,1,0,5,5,4,5,0,1,1,0,0'
          ]
        ];
